structure(list(patient = structure(c(1L, 2L, 3L, 4L, 5L, 6L, 
7L, 8L, 9L, 10L, 11L, 12L, 13L, 14L, 15L, 16L, 17L, 18L, 19L, 
20L, 21L, 22L, 23L, 24L, 25L, 26L, 27L, 28L, 29L, 30L, 31L, 32L, 
33L, 34L, 35L, 37L, 38L, 39L, 40L, 41L, 42L, 43L, 44L, 45L, 46L, 
48L, 49L, 50L, 51L, 52L, 53L, 54L, 55L, 56L, 57L, 58L, 59L, 60L, 
61L, 62L, 63L, 64L, 65L, 66L, 67L, 68L, 69L, 70L, 71L, 72L, 73L, 
74L, 75L, 76L, 77L, 78L, 79L, 80L, 81L, 82L, 83L, 84L, 85L, 86L, 
87L, 88L, 89L, 90L, 91L, 92L, 93L, 94L, 95L, 96L, 97L, 98L, 99L, 
100L, 101L, 102L, 103L, 104L, 105L, 106L, 107L, 108L, 109L, 110L, 
113L, 114L, 115L, 116L, 117L, 118L, 119L, 120L, 121L, 122L, 123L, 
124L, 125L, 126L, 127L, 128L, 129L, 130L, 131L, 132L, 133L, 134L, 
135L, 136L, 137L, 138L, 139L, 140L, 141L, 142L, 143L, 144L, 146L, 
147L, 148L, 149L, 150L, 151L, 152L, 153L, 154L, 155L, 156L, 157L, 
158L, 159L, 160L, 161L, 162L, 163L, 164L, 165L, 166L, 167L, 168L, 
169L, 170L, 171L, 172L, 173L, 174L, 175L, 176L, 177L, 178L, 179L, 
180L, 181L, 182L, 183L, 184L, 185L, 186L, 187L, 188L, 189L, 190L, 
191L, 192L, 193L, 194L, 195L, 196L, 197L, 198L, 199L, 200L, 201L, 
202L, 203L, 204L, 205L, 206L, 207L, 208L, 209L, 210L, 211L, 212L, 
214L, 215L, 216L, 217L, 218L, 219L, 220L, 221L, 222L, 223L, 224L, 
225L, 226L, 227L, 228L, 229L, 230L, 231L, 232L, 233L, 234L, 235L, 
236L, 237L, 238L, 239L, 240L, 241L, 242L, 243L, 244L, 245L, 246L, 
247L, 248L, 249L, 250L, 251L, 252L, 253L, 254L, 255L, 256L, 257L, 
258L, 259L, 260L, 262L, 263L, 264L, 265L, 1L, 2L, 3L, 4L, 5L, 
6L, 7L, 8L, 9L, 10L, 11L, 12L, 13L, 14L, 15L, 16L, 17L, 18L, 
19L, 20L, 21L, 22L, 23L, 24L, 25L, 26L, 27L, 29L, 30L, 31L, 32L, 
33L, 34L, 35L, 36L, 37L, 38L, 39L, 40L, 41L, 42L, 45L, 46L, 47L, 
49L, 50L, 51L, 52L, 53L, 54L, 55L, 56L, 57L, 58L, 59L, 60L, 61L, 
62L, 63L, 64L, 65L, 66L, 67L, 68L, 69L, 70L, 71L, 72L, 73L, 74L, 
76L, 77L, 78L, 79L, 80L, 82L, 83L, 84L, 85L, 86L, 88L, 89L, 90L, 
91L, 93L, 95L, 96L, 97L, 98L, 99L, 100L, 101L, 102L, 103L, 104L, 
105L, 106L, 107L, 108L, 109L, 110L, 111L, 112L, 113L, 114L, 115L, 
116L, 118L, 119L, 120L, 121L, 122L, 125L, 126L, 129L, 130L, 131L, 
132L, 133L, 134L, 135L, 136L, 137L, 140L, 141L, 142L, 143L, 145L, 
146L, 148L, 149L, 150L, 151L, 152L, 153L, 154L, 155L, 156L, 157L, 
158L, 159L, 160L, 163L, 164L, 165L, 166L, 167L, 168L, 169L, 170L, 
174L, 175L, 177L, 178L, 179L, 181L, 182L, 183L, 185L, 186L, 188L, 
189L, 190L, 194L, 195L, 196L, 197L, 198L, 200L, 201L, 202L, 204L, 
205L, 206L, 207L, 208L, 209L, 210L, 211L, 213L, 214L, 215L, 216L, 
217L, 218L, 219L, 220L, 221L, 222L, 223L, 224L, 226L, 227L, 228L, 
230L, 231L, 232L, 234L, 235L, 236L, 237L, 238L, 240L, 241L, 244L, 
247L, 248L, 249L, 251L, 253L, 254L, 255L, 259L, 261L, 262L, 264L, 
265L), .Label = c("p001", "p002", "p003", "p004", "p005", "p006", 
"p007", "p008", "p009", "p010", "p011", "p012", "p013", "p014", 
"p015", "p016", "p017", "p018", "p019", "p020", "p021", "p022", 
"p023", "p024", "p025", "p026", "p027", "p028", "p029", "p030", 
"p031", "p032", "p033", "p034", "p035", "p036", "p037", "p038", 
"p039", "p040", "p041", "p042", "p043", "p044", "p045", "p046", 
"p047", "p048", "p049", "p050", "p051", "p052", "p053", "p054", 
"p055", "p056", "p057", "p058", "p059", "p060", "p061", "p062", 
"p063", "p064", "p065", "p066", "p067", "p068", "p069", "p070", 
"p071", "p072", "p073", "p074", "p075", "p076", "p077", "p078", 
"p079", "p080", "p081", "p082", "p083", "p084", "p085", "p086", 
"p087", "p088", "p089", "p090", "p091", "p092", "p093", "p094", 
"p095", "p096", "p097", "p098", "p099", "p100", "p101", "p102", 
"p103", "p104", "p105", "p106", "p107", "p108", "p109", "p110", 
"p111", "p112", "p113", "p114", "p115", "p116", "p117", "p118", 
"p119", "p120", "p121", "p122", "p123", "p124", "p125", "p126", 
"p127", "p128", "p129", "p130", "p131", "p132", "p133", "p134", 
"p135", "p136", "p137", "p138", "p139", "p140", "p141", "p142", 
"p143", "p144", "p145", "p146", "p147", "p148", "p149", "p150", 
"p151", "p152", "p153", "p154", "p155", "p156", "p157", "p158", 
"p159", "p160", "p161", "p162", "p163", "p164", "p165", "p166", 
"p167", "p168", "p169", "p170", "p171", "p172", "p173", "p174", 
"p175", "p176", "p177", "p178", "p179", "p180", "p181", "p182", 
"p183", "p184", "p185", "p186", "p187", "p188", "p189", "p190", 
"p191", "p192", "p193", "p194", "p195", "p196", "p197", "p198", 
"p199", "p200", "p201", "p202", "p203", "p204", "p205", "p206", 
"p207", "p208", "p209", "p210", "p211", "p212", "p213", "p214", 
"p215", "p216", "p217", "p218", "p219", "p220", "p221", "p222", 
"p223", "p224", "p225", "p226", "p227", "p228", "p229", "p230", 
"p231", "p232", "p233", "p234", "p235", "p236", "p237", "p238", 
"p239", "p240", "p241", "p242", "p243", "p244", "p245", "p246", 
"p247", "p248", "p249", "p250", "p251", "p252", "p253", "p254", 
"p255", "p256", "p257", "p258", "p259", "p260", "p261", "p262", 
"p263", "p264", "p265"), class = "factor"), group = structure(c(1L, 
1L, 1L, 1L, 1L, 1L, 1L, 1L, 1L, 1L, 1L, 1L, 1L, 1L, 1L, 1L, 1L, 
1L, 1L, 1L, 1L, 1L, 1L, 1L, 1L, 1L, 1L, 1L, 1L, 1L, 1L, 1L, 1L, 
1L, 1L, 1L, 1L, 1L, 1L, 1L, 1L, 1L, 1L, 1L, 1L, 1L, 1L, 1L, 1L, 
1L, 1L, 1L, 1L, 1L, 1L, 1L, 1L, 1L, 1L, 1L, 1L, 1L, 1L, 1L, 1L, 
1L, 1L, 1L, 1L, 1L, 1L, 1L, 1L, 1L, 1L, 1L, 1L, 1L, 1L, 1L, 1L, 
1L, 1L, 1L, 1L, 1L, 1L, 1L, 1L, 1L, 1L, 1L, 1L, 1L, 1L, 1L, 1L, 
1L, 1L, 1L, 1L, 1L, 1L, 1L, 1L, 1L, 1L, 1L, 2L, 2L, 2L, 2L, 2L, 
2L, 2L, 2L, 2L, 2L, 2L, 2L, 2L, 2L, 2L, 2L, 2L, 2L, 2L, 2L, 2L, 
2L, 2L, 2L, 2L, 2L, 2L, 2L, 2L, 2L, 2L, 2L, 2L, 2L, 2L, 2L, 2L, 
2L, 2L, 2L, 2L, 2L, 2L, 2L, 2L, 2L, 2L, 2L, 2L, 2L, 2L, 2L, 2L, 
2L, 2L, 2L, 2L, 2L, 2L, 2L, 2L, 2L, 2L, 2L, 2L, 2L, 2L, 2L, 2L, 
2L, 2L, 2L, 2L, 2L, 2L, 2L, 2L, 2L, 2L, 2L, 2L, 2L, 2L, 2L, 2L, 
2L, 2L, 2L, 2L, 2L, 2L, 2L, 2L, 2L, 2L, 2L, 2L, 2L, 2L, 2L, 2L, 
2L, 2L, 2L, 2L, 2L, 2L, 2L, 2L, 2L, 2L, 2L, 2L, 2L, 2L, 2L, 2L, 
2L, 2L, 2L, 2L, 2L, 2L, 2L, 2L, 2L, 2L, 2L, 2L, 2L, 2L, 2L, 2L, 
2L, 2L, 2L, 2L, 2L, 2L, 2L, 2L, 2L, 2L, 2L, 2L, 2L, 2L, 2L, 2L, 
2L, 1L, 1L, 1L, 1L, 1L, 1L, 1L, 1L, 1L, 1L, 1L, 1L, 1L, 1L, 1L, 
1L, 1L, 1L, 1L, 1L, 1L, 1L, 1L, 1L, 1L, 1L, 1L, 1L, 1L, 1L, 1L, 
1L, 1L, 1L, 1L, 1L, 1L, 1L, 1L, 1L, 1L, 1L, 1L, 1L, 1L, 1L, 1L, 
1L, 1L, 1L, 1L, 1L, 1L, 1L, 1L, 1L, 1L, 1L, 1L, 1L, 1L, 1L, 1L, 
1L, 1L, 1L, 1L, 1L, 1L, 1L, 1L, 1L, 1L, 1L, 1L, 1L, 1L, 1L, 1L, 
1L, 1L, 1L, 1L, 1L, 1L, 1L, 1L, 1L, 1L, 1L, 1L, 1L, 1L, 1L, 1L, 
1L, 1L, 1L, 1L, 1L, 1L, 2L, 2L, 2L, 2L, 2L, 2L, 2L, 2L, 2L, 2L, 
2L, 2L, 2L, 2L, 2L, 2L, 2L, 2L, 2L, 2L, 2L, 2L, 2L, 2L, 2L, 2L, 
2L, 2L, 2L, 2L, 2L, 2L, 2L, 2L, 2L, 2L, 2L, 2L, 2L, 2L, 2L, 2L, 
2L, 2L, 2L, 2L, 2L, 2L, 2L, 2L, 2L, 2L, 2L, 2L, 2L, 2L, 2L, 2L, 
2L, 2L, 2L, 2L, 2L, 2L, 2L, 2L, 2L, 2L, 2L, 2L, 2L, 2L, 2L, 2L, 
2L, 2L, 2L, 2L, 2L, 2L, 2L, 2L, 2L, 2L, 2L, 2L, 2L, 2L, 2L, 2L, 
2L, 2L, 2L, 2L, 2L, 2L, 2L, 2L, 2L, 2L, 2L, 2L, 2L, 2L, 2L, 2L, 
2L, 2L, 2L, 2L, 2L, 2L, 2L, 2L, 2L, 2L), .Label = c("wt", "mut"
), class = "factor"),