>> I=inv([Ar;Bf*Z])*[zeros(7,1);Bf*phi0]

I =

  208.0000
   50.0000
   42.0000
   10.0000
    4.0000
    2.0000
  108.0000
   58.0000
    6.0000
  316.0000
   16.0000
    2.0000
  316.0000